AI Fitness
356.0
158.0
258.0
296.0
455.0
149.0
238.0
261.0
234.0
375.0
249.0
242.0
321.0
340.0
405.0
261.0
350.0
155.0
245.0
193.0
292.0
255.0
229.0
203.0
435.0
229.0
261.0
278.0
237.0
166.0
293.0
283.0
244.0
236.0
319.0
285.0
314.0
231.0
287.0
341.0
178.0
283.0
265.0
202.0
298.0
244.0
263.0
301.0
204.0
458.0
210.0
178.0
195.0
281.0
229.0
253.0
378.0
292.0
251.0
323.0
379.0
157.0
382.0
347.0
231.0
245.0
349.0
210.0
361.0
310.0
153.0
295.0
577.0
273.0
127.0
384.0
210.0
210.0
261.0
201.0
291.0
233.0
148.0
129.0
382.0
192.0
283.0
278.0
269.0
283.0
141.0
482.0
324.0
323.0
268.0
259.0
254.0
162.0
305.0
196.0
381.0
248.0
202.0
218.0
208.0
261.0
326.0
213.0
222.0
317.0
193.0
287.0
188.0
227.0
161.0
254.0
453.0
270.0
323.0
139.0
284.0
218.0
294.0
218.0
275.0
178.0
302.0
351.0
210.0
211.0
230.0
207.0
237.0
267.0
297.0
168.0
278.0
320.0
191.0
240.0
320.0
222.0
631.0
232.0
290.0
263.0
211.0
187.0
301.0
178.0
138.0
232.0
326.0
305.0
459.0
136.0
329.0
193.0
177.0
234.0
345.0
173.0
243.0
312.0
234.0
333.0
281.0
318.0
348.0
313.0
262.0
232.0
327.0
216.0
360.0
167.0
232.0
213.0
254.0
246.0
317.0
358.0
359.0
177.0
221.0
291.0
396.0
304.0
265.0
239.0
191.0
256.0
147.0
209.0
139.0
217.0
241.0
282.0
137.0
318.0
419.0
244.0
307.0
260.0
220.0
186.0
265.0
126.0
225.0
264.0
241.0
249.0
255.0
207.0
311.0
324.0
292.0
228.0
245.0
250.0
221.0
291.0
296.0
148.0
148.0
179.0
299.0
205.0
146.0
381.0
209.0
324.0
254.0
343.0
212.0
331.0
273.0
165.0
231.0
259.0
358.0
301.0
307.0
280.0
403.0
378.0
326.0
305.0
327.0
261.0
264.0
243.0
315.0
189.0
242.0
374.0
264.0
217.0
172.0
203.0
319.0
161.0
207.0
320.0
102.0
182.0
138.0
280.0
363.0
268.0
162.0
440.0
343.0
207.0
244.0
314.0
243.0
180.0
384.0
231.0
278.0
177.0
268.0
221.0
301.0
317.0
359.0
237.0
329.0
176.0
194.0
193.0
261.0
180.0
276.0
208.0
232.0
346.0
218.0
212.0
302.0
223.0
285.0
256.0
266.0
139.0
157.0
345.0
274.0
207.0
285.0
172.0
286.0
212.0
260.0
122.0
231.0
290.0
398.0
180.0
143.0
369.0
235.0
121.0
290.0
280.0
266.0
398.0
328.0
395.0
246.0
202.0
302.0
246.0
339.0
232.0
220.0
353.0
149.0
205.0
256.0
307.0
194.0
269.0
200.0
150.0
242.0
244.0
237.0
193.0
271.0
246.0
365.0
192.0
115.0
168.0
266.0
327.0
292.0
238.0
358.0
181.0
317.0
230.0
450.0
281.0
267.0
442.0
195.0
361.0
289.0
392.0
291.0
266.0
262.0
347.0
327.0
353.0
122.0
140.0
304.0
288.0
295.0
136.0
339.0
317.0
166.0
384.0
205.0
236.0
315.0
493.0
280.0
431.0
320.0
243.0
245.0
287.0
190.0
242.0
308.0
293.0
349.0
229.0
288.0
320.0
315.0
196.0
274.0
169.0
220.0
342.0
264.0
246.0
425.0
365.0
288.0
393.0
264.0
108.0
191.0
258.0
242.0
228.0
269.0
274.0
312.0
199.0
398.0
249.0
198.0
329.0
287.0
229.0
294.0
182.0
248.0
262.0
165.0
343.0
216.0
244.0
331.0
351.0
412.0
297.0
365.0
219.0
248.0
352.0
382.0
182.0
292.0
350.0
353.0
230.0
392.0
177.0
183.0
175.0
212.0
158.0
238.0
202.0
322.0
377.0
183.0
323.0
236.0
256.0
221.0
296.0
257.0
172.0
150.0
267.0
279.0
276.0
177.0
143.0
191.0
236.0
299.0
163.0
205.0
330.0
217.0
368.0
384.0
204.0
353.0
217.0
164.0
281.0
214.0
308.0
237.0
190.0
416.0
216.0
